787
1960
739
-4768
2918
-4176
3353
-1067
-4790
492
4445
3674
2962
3530
-3139
-3541
166
3442
4896
-915
-3451
-112
298
-1028
263
-3862
1519
-430
4177
1634
899
  5
-2072
-3161
-4649
-3993
3680
2957
-2848
-2490
3542
3315
-4328
3234
-2003
2137
-3500
-4556
2419
330
2417
1234
-4422
-3548
1380
1918
4008
-411
-2229
1160
3303
549
-781
1009
1595
-3843
358
1226
-2933
4459
3455
-387
2821
125
-2131
-605
-204
1816
2371
-2377
4430
-4972
1520
4617
-3487
-60
4447
3807
1401
-2420
-2650
3429
-3090
341
-3618
-3172
-1835
-4588
-2973
246
-816
-1480
2657
-3047
3799
-3319
-3086
-868
4345
-4946
4912
4933
-2380
-1472
-3197
1617
2765
4750
1023
-665
803
3289
2702
1295
4340
1037
861
-3143
1433
-1366
988
-4879
3337
577
-1858
3993
3686
3069
-3868
4099
-38
-288
402
3159
 21
-2032
 51
2550
3279
4580
1711
-2601
637
889
-3493
-4267
190
-170
-2759
-1268
4111
2655
4897
-4821
2414
792
-1208
1179
891
-4696
3214
283
4639
499
2117
4131
2451
-1049
2611
-4389
1298
3073
-3883
-2027
-4178
3393
-4845
-2038
693
-1187
-2764
-4802
-2453
4478
-1870
4730
933
-2818
2649
-1424
-4321
1815
1360
4195
3090
-3945
118
-226
-552
-360
-3315
-1776
-4259
-2398
1202
2828
-4951
-2132
-2408
2721
2272
4518
-3991
-2589
1765
-716
4711
-604
665
2310
3005
1884
1747
2819
892
-2292
-2497
-1698
-2705
-4026
1907
-1406
4480
-265
1354
-1308
3529
-1574
1205
1970
2232
-2433
3873
4634
1273
3715
-203
4841
4010
3531
1534
-3820
477
-3664
-178
-1257
2890
-1455
-3035
-2006
3923
1110
440
-3201
4681
1140
1174
-2908
-2310
-3676
308
-3071
-1576
-1563
-496
2584
3318
-2287
4308
 79
2491
-1211
-2475
4384
3254
-337
2092
-2581
4802
2555
1150
-239
-3436
2070
2925
1366
1105
-2358
-3308
2320
4974
108
-4255
-3460
4960
4803
3700
-964
4523
2243
-4335
-4710
3406
3108
 70
3760
1327
-2464
3675
-1625
-4673
-2757
3869
982
2486
1357
-2593
4246
2193
3951
4152
-4519
2329
-2958
2515
-904
-2126
4955
-1477
-4404
970
-616
195
3185
929
-4737
4357
-2866
677
4583
176
1696
-1670
-1677
4758
-2765
-1569
-3025
-505
-2930
-4522
-3475
 -3
4890
-4810
2740
165
-297
3401
-4148
796
2148
-2201
-3232
-195
4607
-4826
-3491
1781
-3490
1725
2708
-4544
300
1442
-1259
1218
3437
-3180
815
-4771
-2213
-564
2282
3609
-2708
2441
878
3922
-3361
879
-568
-4952
-193
-3592
-2406
1522
-2130
-3450
524
-3070
2801
-3971
-3401
-2320
-381
3021
3655
2955
1778
936
-2801
-3826
3750
-4302
613
-3762
-2210
1159
-2062
-3649
-3627
-3109
-138
1263
-1966
-1419
-4928
4082
 32
-4886
2554
-1243
1929
2844
4234
-1235
-2404
-3821
-1716
935
-1533
-2326
4009
-810
-619
-4077
1481
256
-1565
-1365
-1255
4306
833
-4682
-3496
3777
-4881
2160
-4551
-1166
-332
-1379
-4147
512
-3806
-554
-3904
465
-4175
-4096
-3610
-2659
-1350
-3947
-192
-3631
-1066
-4281
4158
-1618
1909
-4678
1017
-2463
1426
-4873
480
2991
3535
2770
-4546
4824
3661
4187
2370
4827
-3327
-1473
 33
-315
-4608
3494
2309
-357
-3558
3805
1509
3481
-1240
-834
1186
4240
3017
4396
-2985
-4441
609
648
3102
-1774
-2748
-989
-4703
-4351
-3207
-257
-2191
-4872
-2097
1911
4981
-1088
-646
-2344
4379
-3421
-4834
-1543
-3124
-495
1106
3332
2681
-3446
-4092
-2039
-988
-2750
-3752
-1944
-2480
-4293
2797
-590
-1302
-658
2354
-525
3235
1828
3555
2654
-4955
4915
3685
-638
3949
2540
-4694
2016
2725
-166
3094
3681
4579
1246
-2903
399
-2567
-698
4416
3610
-4337
2529
-4173
-1987
-4761
-3193
-4280
-244
2581
-1078
4569
2985
-2112
-75
-230
-2418
4826
3551
-336
  8
-2668
-1174
-2117
-4155
-4429
452
-1167
4232
-2448
-144
-1204
-2697
-775
258
901
-3644
3986
-2347
3045
-4287
2152
-3468
-2600
-2005
 14
-672
2664
-1839
430
-448
-1142
2340
588
4596
-443
3779
-4413
-1999
-3326
-643
-2160
873
4631
2276
-1081
-932
4726
1192
2746
-4232
-2076
1798
-2876
2737
1763
-1666
-533
-1596
-179
3139
1496
-3842
-1896
2335
4329
 66
-417
-3121
-3208
-3498
2634
2392
-655
1594
-4681
1899
-885
2816
-4444
2910
1683
481
2505
3723
2036
-3284
4784
843
2768
-3244
-3065
-4716
4903
2446
1722
3508
-680
-2095
-2308
2586
-4601
-3571
1801
-3954
-4339
4502
-760
3483
1888
-3739
-2839
-1950
-2828
-3495
-2397
3524
1823
-4969
-1755
3290
-2658
3225
3009
-4371
-2288
-956
4882
4159
3910
1070
-2523
426
-4004
-4829
-902
-1497
4593
-557
4788
2806
670
-2010
-4741
-4009
1135
955
-678
-256
839
4931
3224
-4960
239
1032
3864
-4876
2904
-3052
146
1284
2883
-1228
-2884
2861
-2627
3947
4492
4658
657
740
-2971
-3975
4254
1625
2323
1940
4961
3663
-613
3208
842
1513
4687
4530
1291
2219
-3112
-4645
3800
4479
4914
1061
2049
-2254
3305
-3896
4436
-2066
-4606
-3293
-4134
2922
-3393
-1780
-828
3038
-2632
1303
-2451
501
651
-375
-558
2344
470
3460
3410
1975
3783
2878
-4272
1761
-3195
4649
-2780
-4726
2202
1012
-2696
-3588
565
3343
606
4854
-3444
-2772
3331
-3994
-2449
-2021
845
768
-2508
-1567
-1548
-2865
-1658
284
-4590
4679
-1704
-4271
-1771
3182
4273
4443
-3903
136
-567
-1851
-167
-4097
-57
1669
3523
3468
-584
-2155
2903
-2952
1994
2847
-1309
3577
-2666
-1518
-3576
4577
-4486
-3981
-4483
2321
-4979
2553
-3114
1897
-2468
3937
-2799
649
3087
1347
-3220
-774
-2911
-4382
2495
-87
4794
1387
-436
-3026
-3265
4227
4581
3116
-4667
3391
-452
-4581
2938
-3209
-4545
1423
-1778
534
412
1253
1322
-154
1555
2275
-942
-927
4804
3596
-1904
 85
4007
-3290
662
-1991
1484
1965
1413
-537
-2224
-2786
-4895
2964
4615
2652
1280
943
3698
-4745
-2049
-4634
3904
-2802
1850
4279
4733
3927
2037
-2512
-364
3330
1838
-1179
2597
1661
-3602
1421
3665
-3818
2301
-2118
-4770
187
-3771
-1777
3648
389
-2195
675
-2541
3808
-4704
-3167
2839
2560
-940
-3792
4874
1873
-1908
-269
-1639
-4386
-4564
2433
1011
-359
442
-1341
-3213
-2392
-3967
1775
2164
4290
834
-2286
-3855
3725
-1901
-4752
1626
-2957
-2209
-2471
-2077
-3625
-2548
-897
-349
-2590
-2728
3341
2671
4851
-611
-98
-446
-1401
2563
4258
-1397
462
-3378
-837
1705
1614
-945
-657
-3633
-3338
-3629
3034
-1018
-4037
-1461
-457
-783
-4549
1396
-696
1684
3340
-3569
500
-4890
2544
4686
2690
-4150
450
-1914
-3100
-1628
-2904
-4485
3344
-1006
4163
491
907
1507
-454
905
-2194
-251
4128
1529
-2823
-872
-4941
2399
2705
-3214
-591
-4376
379
4162
3245
-395
3619
-2104
4676
-2068
-1980
4001
-684
714
-4591
-3794
227
-2101
-2000
482
1706
-4791
2127
-1982
3502
-4168
-164
-4461
-1784
1748
1500
1134
1351
-3925
-3148
3734
4292
4692
-2891
-295
-3745
1980
2444
641
-1545
-263
1981
-3977
-1446
-3774
-1404
 40
-4566
-4541
-1822
-2980
4198
3948
-2411
1173
2184
4703
3084
1796
708
1465
4236
2879
3563
4984
-3215
262
1977
-2864
3014
-3968
2947
2071
3110
4516
-2770
-994
3384
4146
-1932
4624
-1599
-223
-421
-3891
1979
3425
4898
4383
993
117
-4417
-4687
3328
-2554
-3562
-2008
-1025
-2807
1689
3124
1185
784
3474
-2676
-2240
2570
-2228
240
197
4640
-4297
468
-1196
-2236
-1329
2845
-3181
4417
4563
-3376
2318
1596
-4311
4307
3178
-3856
1485
2086
3231
-3329
-2043
200
-4668
-4049
1660
-1484
992
 18
-1040
1685
-594
1715
-3004
3413
-1922
4701
631
-1555
3730
2723
4237
-4600
-512
1568
4704
2349
-2868
3026
-4778
-1730
-1885
391
2379
4482
1341
-2993
-3132
3444
-4661
1737
-86
868
-4196
2859
4744
-3340
2788
875
-1320
4945
-2252
4075
-1099
3242
-2151
2956
-798
-3434
4395
4463
-173
-1595
-176
-725
-822
709
-570
731
687
309
-1627
-3445
-978
1004
4108
3434
-3972
158
-435
1841
-4440
-3448
1125
2643
967
-4463
3677
1670
4653
4154
3654
-2787
-820
2974
-2212
4194
-4831
-792
3351
4446
-3812
1389
1531
4994
2953
-4502
-1337
3831
-1836
3358
-4360
-3673
-1009
2622
2561
2992
3089
-4245
1538
1867
286
-1271
-4535
-3081
-3661
-347
3775
-2669
831
-3415
-4023
1201
4392
-4366
-309
4729
3941
3183
-819
2285
2298
-2970
639
4812
2632
-637
3575
-2587
4272
1954
-1487
-2478
3458
4424
311
-3864
-1273
-2223
2857
1378
2578
870
-2544
-3287
-3788
3497
2353
-4983
-2819
-2542
4347
3435
2033
1530
-348
2415
-4142
1868
3699
1079
4664
758
1001
-4685
-1963
 23
1755
-4860
-2959
-4264
4738
1516
2226
-1463
-4904
2556
4982
4485
2966
573
-4987
4755
-72
4208
1436
416
1356
-1354
-3024
-2663
-1430
4199
-4509
3821
-4570
2747
-1330
-3764
-651
-2211
-3267
3367
2981
2759
-4120
1287
1934
-2835
2078
3776
-534
-3122
-1827
1056
-2974
-3470
-229
-1724
-2387
3313
-1272
-1388
 90
-2827
-3946
2766
2730
-321
1488
  1
-2851
-850
3810
3096
-3796
2559
2824
3060
-2700
4690
3028
-4725
3350
3618
-1521
3765
3647
4069
-1486
866
-3330
4656
-1328
3115
2423
-2638
1193
4320
1077
3307
-1788
1397
-600
-1490
1958
-209
-1761
154
4266
3469
354
-1811
-1226
-3846
-16
-3952
-1769
-403
4560
-3833
4382
2569
2091
-3079
-4088
-925
754
-908
4350
-1977
 97
2079
2406
-1229
-4427
3704
4091
-2129
-1410
1151
-4582
2048
-2361
1419
1616
2901
336
-2140
4498
1673
4142
646
-4288
542
1716
-1976
4072
4080
-1597
569
-2707
960
-618
4878
-3798
744
-980
-3130
-4201
-4331
2940
-408
776
-2568
4637
307
4859
4747
-326
4929
-993
1989
734
-3966
-2263
2445
1829
-3158
-504
1992
-4699
3844
-2359
-2459
975
2727
 48
-2572
-2528
3161
378
-4340
-1102
645
2204
486
-621
1046
3196
2919
957
-1445
2221
3293
4006
3822
-2982
1770
4978
-3799
2783
3247
-2300
-4740
-4003
-1086
-4102
-2325
-1121
-3628
1588
-4071
-3525
-56
-3310
3386
4999
3446
3731
-4714
-1520
-4499
-562
-3535
4659
-3538
2404
2751
-4109
3486
-1334
4352
1069
2781
922
4291
1919
-4333
717
-3236
-468
1813
2052
-3607
-433
1486
4021
-3510
264
-4034
1694
-624
-3040
-748
-21
-3370
259
1041
2589
917
-1590
-3566
874
155
-1381
3995
785
-3962
-2583
-293
-3404
-768
-2235
-2028
-4916
-3974
4684
-519
3420
-424
-3515
-3585
4190
-1428
-1242
2069
-1270
1558
-169
-253
-3763
2040
3209
2172
2173
2474
-1848
750
-1148
-2997
3058
2189
1924
-864
-1684
-1662
1005
-1702
3518
4278
257
-771
3958
-4797
-1941
3271
1745
-1126
-2872
2872
-4902
948
-3801
1892
4464
407
-2506
2372
-2317
689
1491
-4274
-3640
4466
2577
2568
-1468
757
-4534
1178
-3095
4276
-1610
2065
4990
1471
-4191
2215
-1638
930
-2253
-1715
1422
1676
1310
4652
-3776
-4695
940
-2349
4092
2067
4848
-3218
1512
169
2547
2332
3452
-1900
-4472
-3009
-427
-4370
2165
-3173
-2419
335
1817
-2023
574
-3939
2791
-3920
3041
4343
-1736
-2690
-2251
-210
4110
1835
4089
170
-3737
703
-3083
1072
-4998
-2989
4283
2557
-2686
3853
-3583
4207
-4291
1846
-3988
-4938
1908
3521
-968
265
-517
2409
2983
4644
3143
-493
-1398
4220
-2219
-4968
277
-2609
1428
-4512
1452
-215
4101
3537
3186
4050
4988
-4962
4005
-2524
3690
3845
4032
553
-1104
-1223
-2662
-1405
-2295
-2331
-970
2792
-3923
2197
-2485
2789
3301
-304
380
316
3359
4708
3348
1731
695
-3359
-3949
2162
229
-4093
3605
340
-4021
4058
-4187
-3016
4135
-4970
-3616
-2186
-1869
2035
-3933
-2694
-1523
4833
1699
-4558
 26
-1047
-3341
903
4819
-302
4513
4201
-663
-3679
-462
3994
1766
-4246
-4270
2752
-1794
-3154
3778
1363
1869
-4108
4745
-2511
-27
-3611
-714
-2924
3061
-217
4858
458
-4008
-4674
-432
1424
-163
-394
2060
-3462
4614
1444
4554
-2643
-1823
4161
3712
-2948
-3211
2192
-1281
2377
3633
-2416
-235
-3926
3137
-3354
4344
3612
2637
4956
751
-859
1866
-3657
-3094
351
1203
2191
-4250
-4784
-1972
-4378
4073
-79
-2305
2190
2753
2691
177
1966
4157
1784
4109
-3648
-1733
-4823
-4917
515
2482
-1225
-189
1932
-4931
-2531
-2545
-1058
 89
4642
-1072
-1509
3764
392
-2743
1239
-687
4405
1950
-4638
-3309
-445
4752
2246
3818
-3828
2537
3103
838
-2977
730
-4505
-276
1573
2608
-603
-290
-4063
4590
-3849
4487
-481
2054
2032
-3411
4160
-4975
2249
-4832
2976
2121
-292
2210
4499
3969
2493
4043
-1865
4426
752
-3783
-542
1645
-4675
-1598
-333
-197
1014
-3127
-344
319
1702
-2722
3824
-1053
-4751
-3230
-2565
-3486
-2718
1805
-3598
-4912
3912
-4066
1187
-3272
4977
-422
2006
241
-399
1779
924
4241
2483
4883
2075
3173
-3118
-4536
-273
-3160
296
-2857
-697
-1085
-1238
-2450
395
-1642
3533
1996
3773
-2466
-3542
-1959
-4365
-2029
-1340
-4506
-3464
3270
4576
4670
-2897
-303
-849
-3185
2728
4927
4106
-545
-2875
4520
916
-2092
-2098
2942
-4290
1089
-4513
-2901
 10
4070
-2218
2934
1743
4995
-1215
4137
586
782
4539
-2902
4389
3265
-961
-982
-2855
2431
830
-1172
4660
-1135
-3264
-2351
-4610
-4364
-4532
-3884
-3429
-912
 34
-2870
-4883
-3593
805
-1503
-3278
-2183
-4313
1119
-4801
1904
3415
-3367
2796
-3008
-4260
2225
-2552
-1795
599
3790
-934
2548
2299
3607
-2330
-2237
1131
289
1456
-4265
3506
4609
-2766
1639
-937
-1949
377
-3331
4776
2359
4934
-225
563
2662
1959
-846
-3987
-1813
-1180
3802
-1317
3999
-569
-3528
-4578
3918
4017
3916
748
3244
-240
4489
4349
1487
3848
3787
4825
-1789
-125
-2784
-2473
-2793
3042
4222
2097
4188
-645
-3497
101
4165
-2145
3360
-453
-4451
-4850
-2651
-2289
1734
2387
1264
-1438
236
-890
-1116
1659
-2395
1269
-799
977
2199
-3985
628
130
-1537
-733
-1731
983
-24
-2244
821
-2122
-855
-1054
-566
4475
-4190
1822
521
-1293
2003
732
616
1718
-3650
-2462
1832
-1529
-3311
226
-654
3171
-4779
-2894
3487
3547
-4615
-2243
-2234
3872
-1133
3206
1640
2174
516
2905
2564
2167
3449
3613
-3647
3349
-3614
2520
-1945
1103
1782
3567
-385
990
-4531
393
3642
2330
-1014
2028
-514
-3067
-1898
-1671
-128
-4547
3181
-3565
-515
4771
-1501
1963
1411
4837
3130
4381
-1703
-3815
3562
2601
863
-1376
1903
-1913
-4548
2566
-2983
536
2273
-2532
4315
-3133
4166
825
726
2477
-2174
-4871
-4112
476
  4
3968
-2489
1557
653
3036
 59
-3755
-4910
-1688
4875
-2065
3646
3749
-4518
-1561
-4973
-1029
-3701
-3399
-183
-108
-3078
4606
3051
3940
1328
-3955
-2105
1170
2182
634
-1458
-4074
-109
-4760
-3252
4330
-3682
131
640
-2701
-4348
3701
-2550
1300
-129
1741
-3119
-313
-581
-3710
4992
-2093
-522
2658
4087
3541
2287
-894
-275
-3423
-4061
1143
-4736
1374
721
1326
-3177
-2329
-4300
-4584
-4391
4167
-4131
-1758
1985
4248
-4913
2011
-2695
 25
-763
3040
-3772
-622
-3685
-2606
1550
2733
-1395
4556
4460
4922
-4683
3952
3526
4916
253
-3063
2157
2343
2357
-2196
-111
-4355
-4165
-4312
-2206
2044
4964
-1808
-4785
1808
-1478
1383
-121
-281
-172
1021
-629
-3785
2023
-118
3847
2132
4229
-2368
-1416
-2483
-1198
-2409
-561
4045
635
995
-238
3639
4174
115
-977
4632
-92
2706
2058
4112
2757
444
-2626
-83
-1383
-3108
-1331
688
4423
2588
-4385
-4060
-2774
-579
-1682
-3170
-1199
-2893
2795
1157
3936
-2937
1320
1375
986
-2164
517
1480
3423
-2431
-4754
-836
-254
540
4957
 27
4809
247
-772
-3113
-659
4584
-671
-3579
1961
313
-1559
-2737
-1669
2860
-1575
4789
-1169
-3192
-317
-4412
4052
-1654
-4629
4823
1629
431
4064
-2315
1578
4699
3604
-2907
1416
3644
-1412
-3669
-2385
-4478
1312
893
880
2358
900
4613
4260
306
2467
3022
-419
133
-2319
4334
-4432
-3960
-507
4218
-4706
-1825
3104
-2407
-3098
994
-2910
-1984
4925
4114
-4286
-3637
3037
-135
4508
3149
-1506
2460
-3369
-206
-492
2714
589
-2717
4865
-3465
 15
4435
-2089
-2960
-1614
-779
-2384
4015
1449
-3997
-1033
-1322
4359
2835
-975
-4126
3174
-61
-1895
3925
-3823
-4381
-4125
659
-4377
 41
-3204
1018
4716
2383
-459
-490
1051
-4712
-3760
520
122
-4157
-1449
-1830
1837
-1635
-1527
2599
2393
3667
-650
-842
-1098
1207
-4708
-3229
-4865
-909
-881
2669
-3275
-802
2803
-3660
138
1457
560
4969
-378
-2501
2259
417
3300
1410
-2569
3128
4123
-2045
208
-2639
2378
2080
3288
2665
-2041
-1103
519
3015
-464
-3716
-2179
2761
1302
-2995
-2845
-4828
3109
-2103
-1701
-3684
2663
123
4022
-2736
2439
1100
-4434
 83
3477
-2261
-3298
-161
3067
347
-3678
3431
181
-4795
2150
1890
-3916
1340
2677
2024
-4830
-800
-272
4302
4844
-4341
3333
2106
-4899
-4180
-4460
3907
-3402
-65
-3844
-2033
-1422
2250
3548
 -4
4193
-1233
-1367
-4622
